(DEVICE FILE: SN74LVT16245B_TSSOP48)

PACKAGE SN74LVT16245B_TSSOP48
CLASS IC
PINCOUNT 48

PINORDER SN74LVT16245B_TSSOP48 1 2 47 48 3 4 45 46 5 6,
 43 44 7 8 41 42 9 10 39 40,
 11 12 37 38 13 14 35 36 15 16,
 33 34 17 18 31 32 19 20 29 30,
 21 22 27 28 23 24 25 26

PINSWAP SN74LVT16245B_TSSOP48 1 2 47 48 3 4 45 46 5 6,
 43 44 7 8 41 42 9 10 39 40,
 11 12 37 38 13 14 35 36 15 16,
 33 34 17 18 31 32 19 20 29 30,
 21 22 27 28 23 24 25 26

FUNCTION SN74LVT16245B_TSSOP48 SN74LVT16245B_TSSOP48 1 2 47 48 3 4 45 46 5 6,
 43 44 7 8 41 42 9 10 39 40,
 11 12 37 38 13 14 35 36 15 16,
 33 34 17 18 31 32 19 20 29 30,
 21 22 27 28 23 24 25 26

END
