(DEVICE FILE: TL16C752B_TSQFP48)

PACKAGE TL16C752B_TSQFP48
CLASS IC
PINCOUNT 48

PINORDER TL16C752B_TSQFP48 10 11 12 7 8 9 4 5 6 1,
 2 3 13 14 15 46 47 48 16 17,
 18 43 44 45 19 20 21 40 41 42,
 22 23 24 37 38 39 25 26 27 28,
 29 30 31 32 33 34 35 36

PINSWAP TL16C752B_TSQFP48 10 11 12 7 8 9 4 5 6 1,
 2 3 13 14 15 46 47 48 16 17,
 18 43 44 45 19 20 21 40 41 42,
 22 23 24 37 38 39 25 26 27 28,
 29 30 31 32 33 34 35 36

FUNCTION TL16C752B_TSQFP48 TL16C752B_TSQFP48 10 11 12 7 8 9 4 5 6 1,
 2 3 13 14 15 46 47 48 16 17,
 18 43 44 45 19 20 21 40 41 42,
 22 23 24 37 38 39 25 26 27 28,
 29 30 31 32 33 34 35 36

END
