(DEVICE FILE: THS8200_TSQFP80)

PACKAGE THS8200_TSQFP80
CLASS IC
PINCOUNT 80

PINORDER THS8200_TSQFP80 20 17 18 19 14 15 16 11 12 13,
 8 9 10 5 6 7 2 3 4 1,
 21 80 22 23 24 77 78 79 25 26,
 27 74 75 76 28 29 30 71 72 73,
 31 32 33 68 69 70 34 35 36 65,
 66 67 37 38 39 62 63 64 40 61,
 41 42 43 44 45 46 47 48 49 50,
 51 52 53 54 55 56 57 58 59 60,


PINSWAP THS8200_TSQFP80 20 17 18 19 14 15 16 11 12 13,
 8 9 10 5 6 7 2 3 4 1,
 21 80 22 23 24 77 78 79 25 26,
 27 74 75 76 28 29 30 71 72 73,
 31 32 33 68 69 70 34 35 36 65,
 66 67 37 38 39 62 63 64 40 61,
 41 42 43 44 45 46 47 48 49 50,
 51 52 53 54 55 56 57 58 59 60,


FUNCTION THS8200_TSQFP80 THS8200_TSQFP80 20 17 18 19 14 15 16 11 12 13,
 8 9 10 5 6 7 2 3 4 1,
 21 80 22 23 24 77 78 79 25 26,
 27 74 75 76 28 29 30 71 72 73,
 31 32 33 68 69 70 34 35 36 65,
 66 67 37 38 39 62 63 64 40 61,
 41 42 43 44 45 46 47 48 49 50,
 51 52 53 54 55 56 57 58 59 60,


END
