(DEVICE FILE: MT48LC4M32B2_TSOP86)

PACKAGE MT48LC4M32B2_TSOP86
CLASS IC
PINCOUNT 86

PINORDER MT48LC4M32B2_TSOP86 1 2 3 84 85 86 4 5 6 81,
 82 83 7 8 9 78 79 80 10 11,
 12 75 76 77 13 14 15 72 73 74,
 16 17 18 69 70 71 19 20 21 66,
 67 68 22 23 24 63 64 65 25 26,
 27 60 61 62 28 29 30 31 56 57,
 58 59 32 33 34 53 54 55 35 36,
 37 50 51 52 38 39 40 47 48 49,
 41 42 43 44 45 46

PINSWAP MT48LC4M32B2_TSOP86 1 2 3 84 85 86 4 5 6 81,
 82 83 7 8 9 78 79 80 10 11,
 12 75 76 77 13 14 15 72 73 74,
 16 17 18 69 70 71 19 20 21 66,
 67 68 22 23 24 63 64 65 25 26,
 27 60 61 62 28 29 30 31 56 57,
 58 59 32 33 34 53 54 55 35 36,
 37 50 51 52 38 39 40 47 48 49,
 41 42 43 44 45 46

FUNCTION MT48LC4M32B2_TSOP86 MT48LC4M32B2_TSOP86 1 2 3 84 85 86 4 5 6 81,
 82 83 7 8 9 78 79 80 10 11,
 12 75 76 77 13 14 15 72 73 74,
 16 17 18 69 70 71 19 20 21 66,
 67 68 22 23 24 63 64 65 25 26,
 27 60 61 62 28 29 30 31 56 57,
 58 59 32 33 34 53 54 55 35 36,
 37 50 51 52 38 39 40 47 48 49,
 41 42 43 44 45 46

END
