(DEVICE FILE: AM29LV033C_TS040)

PACKAGE AM29LV033C_TS040
CLASS IC
PINCOUNT 40

PINORDER AM29LV033C_TS040 1 2 3 4 37 38 39 40 5 6,
 7 8 33 34 35 36 9 10 11 12,
 29 30 31 32 13 14 15 16 25 26,
 27 28 17 18 19 20 21 22 23 24,


PINSWAP AM29LV033C_TS040 1 2 3 4 37 38 39 40 5 6,
 7 8 33 34 35 36 9 10 11 12,
 29 30 31 32 13 14 15 16 25 26,
 27 28 17 18 19 20 21 22 23 24,


FUNCTION AM29LV033C_TS040 AM29LV033C_TS040 1 2 3 4 37 38 39 40 5 6,
 7 8 33 34 35 36 9 10 11 12,
 29 30 31 32 13 14 15 16 25 26,
 27 28 17 18 19 20 21 22 23 24,


END
