(DEVICE FILE: TVP7002_TSQFP100)

PACKAGE TVP7002_TSQFP100
CLASS IC
PINCOUNT 100

PINORDER TVP7002_TSQFP100 23 24 25 20 21 22 17 18 19 14,
 15 16 10 11 12 13 8 9 5 6,
 7 2 3 4 1 26 27 28 98 99,
 100 29 30 31 95 96 97 32 33 34,
 92 93 94 35 36 37 89 90 91 38,
 39 40 86 87 88 41 42 43 83 84,
 85 44 45 46 80 81 82 47 48 49,
 77 78 79 50 51 52 53 54 55 56,
 57 58 59 60 61 62 63 64 65 66,
 67 68 69 70 71 72 73 74 75 76,


PINSWAP TVP7002_TSQFP100 23 24 25 20 21 22 17 18 19 14,
 15 16 10 11 12 13 8 9 5 6,
 7 2 3 4 1 26 27 28 98 99,
 100 29 30 31 95 96 97 32 33 34,
 92 93 94 35 36 37 89 90 91 38,
 39 40 86 87 88 41 42 43 83 84,
 85 44 45 46 80 81 82 47 48 49,
 77 78 79 50 51 52 53 54 55 56,
 57 58 59 60 61 62 63 64 65 66,
 67 68 69 70 71 72 73 74 75 76,


FUNCTION TVP7002_TSQFP100 TVP7002_TSQFP100 23 24 25 20 21 22 17 18 19 14,
 15 16 10 11 12 13 8 9 5 6,
 7 2 3 4 1 26 27 28 98 99,
 100 29 30 31 95 96 97 32 33 34,
 92 93 94 35 36 37 89 90 91 38,
 39 40 86 87 88 41 42 43 83 84,
 85 44 45 46 80 81 82 47 48 49,
 77 78 79 50 51 52 53 54 55 56,
 57 58 59 60 61 62 63 64 65 66,
 67 68 69 70 71 72 73 74 75 76,


END
