(DEVICE FILE: SAA7121H_QFP44)

PACKAGE SAA7121H_QFP44
CLASS IC
PINCOUNT 44

PINORDER SAA7121H_QFP44 10 11 8 9 7 5 6 3 4 1,
 2 12 13 43 44 14 15 41 42 16,
 40 17 18 38 39 19 20 36 37 21,
 22 34 35 23 24 25 26 27 28 29,
 30 31 32 33

PINSWAP SAA7121H_QFP44 10 11 8 9 7 5 6 3 4 1,
 2 12 13 43 44 14 15 41 42 16,
 40 17 18 38 39 19 20 36 37 21,
 22 34 35 23 24 25 26 27 28 29,
 30 31 32 33

FUNCTION SAA7121H_QFP44 SAA7121H_QFP44 10 11 8 9 7 5 6 3 4 1,
 2 12 13 43 44 14 15 41 42 16,
 40 17 18 38 39 19 20 36 37 21,
 22 34 35 23 24 25 26 27 28 29,
 30 31 32 33

END
